0 0.022920 0.178042 0.045840 0.136898
0 0.032690 0.143441 0.055127 0.097153
0 0.557275 0.627008 0.454609 0.687441
0 0.815112 0.447424 0.366396 0.440136
0 0.561938 0.187602 0.080576 0.150153
0 0.656084 0.153746 0.041563 0.106000
0 0.759985 0.169941 0.054287 0.064763
0 0.086108 0.493788 0.172217 0.579983
0 0.969897 0.153008 0.060205 0.139847
0 0.748110 0.127246 0.020361 0.064763
0 0.528013 0.162585 0.072100 0.126593
0 0.916045 0.101492 0.015273 0.025017
0 0.681528 0.143449 0.036475 0.088322
0 0.189600 0.247958 0.095840 0.114831
0 0.177725 0.138297 0.063613 0.095678
0 0.281201 0.208949 0.073789 0.163390
0 0.312158 0.145653 0.071250 0.095678
